504 252
15 9
2 2 2 2 2 2 2 2 2 2 2 2 2 2 2 2 2 2 2 2 2 2 2 2 2 2 2 2 2 2 2 2 2 2 2 2 2 2 2 2 2 2 2 2 2 2 2 2 2 2 2 2 2 2 2 2 2 2 2 2 2 2 2 2 2 2 2 2 2 2 2 2 2 2 2 2 2 2 2 2 2 2 2 2 2 2 2 2 2 2 2 2 2 2 2 2 2 2 2 2 2 2 2 2 2 2 2 2 2 2 2 2 2 2 2 2 2 2 2 2 2 2 2 2 2 2 2 2 2 2 2 2 2 2 2 2 2 2 2 2 2 2 2 2 2 2 2 2 2 2 2 2 2 2 2 2 2 2 2 2 2 2 2 2 2 2 2 2 2 2 2 2 2 2 2 2 2 2 2 2 2 2 2 2 2 2 2 2 2 2 2 2 2 2 2 2 2 2 2 2 2 2 2 2 2 2 2 2 2 2 2 2 2 2 2 2 2 2 2 2 2 2 2 2 2 2 2 2 2 2 2 2 2 2 2 2 2 2 2 2 2 3 3 3 3 3 3 3 3 3 3 3 3 3 3 3 3 3 3 3 3 3 3 3 3 3 3 3 3 3 3 3 3 3 3 3 3 3 3 3 3 3 3 3 3 3 3 3 3 3 3 3 3 3 3 3 3 3 3 3 3 3 3 3 3 3 3 3 3 3 3 3 3 3 3 3 3 3 3 3 3 3 3 3 3 3 3 3 3 3 3 3 3 3 3 3 3 3 3 3 3 3 3 3 3 3 3 3 3 3 3 3 3 3 3 3 3 3 3 3 3 3 3 3 3 3 3 3 3 3 3 3 3 3 3 3 3 3 3 3 3 3 4 4 4 4 4 4 4 4 4 4 4 4 4 4 4 4 4 4 5 5 5 5 5 5 5 5 5 5 5 5 5 5 5 5 5 5 5 5 5 5 5 5 5 5 5 5 5 5 5 5 5 5 5 5 5 5 5 5 5 5 5 5 5 5 5 5 5 7 7 7 7 14 15 15 15 15 15 15 15 15 15 15 15 15 15 15 15 15 15 15 15 15 15 15 15 15 15 15 15 15 15 15 15 15 15 15 15 15 15 15 15 15 15 15 15 15 15 15 15 15 15 15 
8 8 8 8 8 8 8 8 8 8 8 8 8 8 8 8 8 8 8 8 8 9 8 8 9 8 8 8 9 8 8 8 8 8 8 8 8 8 8 8 8 8 9 8 8 8 9 8 8 8 8 8 8 8 8 8 8 8 9 8 8 8 8 8 8 7 8 8 8 8 8 8 8 8 9 7 8 8 7 8 8 8 8 8 8 8 8 8 9 8 8 9 8 8 8 8 8 8 8 8 8 7 8 8 9 8 8 9 8 8 8 8 7 8 9 8 8 8 8 9 8 8 7 8 8 8 8 8 8 8 9 7 8 8 9 8 8 8 8 8 8 8 8 8 8 7 8 8 8 8 8 8 7 9 8 7 8 8 8 8 8 8 8 8 9 8 8 7 8 8 8 8 8 8 8 7 8 8 8 7 8 8 8 8 7 8 8 8 8 8 8 8 8 8 8 8 8 8 8 8 8 8 8 7 8 8 8 8 7 7 8 8 8 7 8 8 8 8 8 8 8 8 8 8 8 8 8 8 8 7 9 8 8 8 8 8 7 8 8 8 8 8 8 9 8 8 7 8 8 8 7 9 
1	70	0	0	0	0	0	0	0	0	0	0	0	0	0
2	198	0	0	0	0	0	0	0	0	0	0	0	0	0
3	211	0	0	0	0	0	0	0	0	0	0	0	0	0
4	13	0	0	0	0	0	0	0	0	0	0	0	0	0
5	88	0	0	0	0	0	0	0	0	0	0	0	0	0
6	197	0	0	0	0	0	0	0	0	0	0	0	0	0
7	147	0	0	0	0	0	0	0	0	0	0	0	0	0
8	175	0	0	0	0	0	0	0	0	0	0	0	0	0
9	196	0	0	0	0	0	0	0	0	0	0	0	0	0
10	182	0	0	0	0	0	0	0	0	0	0	0	0	0
11	92	0	0	0	0	0	0	0	0	0	0	0	0	0
12	224	0	0	0	0	0	0	0	0	0	0	0	0	0
14	148	0	0	0	0	0	0	0	0	0	0	0	0	0
15	248	0	0	0	0	0	0	0	0	0	0	0	0	0
16	123	0	0	0	0	0	0	0	0	0	0	0	0	0
17	104	0	0	0	0	0	0	0	0	0	0	0	0	0
18	116	0	0	0	0	0	0	0	0	0	0	0	0	0
19	187	0	0	0	0	0	0	0	0	0	0	0	0	0
20	29	0	0	0	0	0	0	0	0	0	0	0	0	0
21	185	0	0	0	0	0	0	0	0	0	0	0	0	0
22	208	0	0	0	0	0	0	0	0	0	0	0	0	0
23	219	0	0	0	0	0	0	0	0	0	0	0	0	0
24	231	0	0	0	0	0	0	0	0	0	0	0	0	0
25	61	0	0	0	0	0	0	0	0	0	0	0	0	0
26	235	0	0	0	0	0	0	0	0	0	0	0	0	0
27	30	0	0	0	0	0	0	0	0	0	0	0	0	0
28	165	0	0	0	0	0	0	0	0	0	0	0	0	0
31	193	0	0	0	0	0	0	0	0	0	0	0	0	0
32	188	0	0	0	0	0	0	0	0	0	0	0	0	0
33	156	0	0	0	0	0	0	0	0	0	0	0	0	0
34	151	0	0	0	0	0	0	0	0	0	0	0	0	0
35	83	0	0	0	0	0	0	0	0	0	0	0	0	0
36	239	0	0	0	0	0	0	0	0	0	0	0	0	0
37	194	0	0	0	0	0	0	0	0	0	0	0	0	0
38	206	0	0	0	0	0	0	0	0	0	0	0	0	0
39	71	0	0	0	0	0	0	0	0	0	0	0	0	0
40	43	0	0	0	0	0	0	0	0	0	0	0	0	0
41	115	0	0	0	0	0	0	0	0	0	0	0	0	0
42	72	0	0	0	0	0	0	0	0	0	0	0	0	0
44	209	0	0	0	0	0	0	0	0	0	0	0	0	0
45	78	0	0	0	0	0	0	0	0	0	0	0	0	0
46	68	0	0	0	0	0	0	0	0	0	0	0	0	0
47	91	0	0	0	0	0	0	0	0	0	0	0	0	0
48	76	0	0	0	0	0	0	0	0	0	0	0	0	0
49	122	0	0	0	0	0	0	0	0	0	0	0	0	0
50	130	0	0	0	0	0	0	0	0	0	0	0	0	0
51	118	0	0	0	0	0	0	0	0	0	0	0	0	0
52	251	0	0	0	0	0	0	0	0	0	0	0	0	0
53	112	0	0	0	0	0	0	0	0	0	0	0	0	0
54	124	0	0	0	0	0	0	0	0	0	0	0	0	0
55	169	0	0	0	0	0	0	0	0	0	0	0	0	0
56	228	0	0	0	0	0	0	0	0	0	0	0	0	0
57	143	0	0	0	0	0	0	0	0	0	0	0	0	0
58	223	0	0	0	0	0	0	0	0	0	0	0	0	0
59	216	0	0	0	0	0	0	0	0	0	0	0	0	0
60	69	0	0	0	0	0	0	0	0	0	0	0	0	0
62	65	0	0	0	0	0	0	0	0	0	0	0	0	0
63	168	0	0	0	0	0	0	0	0	0	0	0	0	0
64	174	0	0	0	0	0	0	0	0	0	0	0	0	0
66	163	0	0	0	0	0	0	0	0	0	0	0	0	0
67	247	0	0	0	0	0	0	0	0	0	0	0	0	0
73	236	0	0	0	0	0	0	0	0	0	0	0	0	0
74	120	0	0	0	0	0	0	0	0	0	0	0	0	0
75	98	0	0	0	0	0	0	0	0	0	0	0	0	0
77	81	0	0	0	0	0	0	0	0	0	0	0	0	0
79	80	0	0	0	0	0	0	0	0	0	0	0	0	0
82	240	0	0	0	0	0	0	0	0	0	0	0	0	0
84	138	0	0	0	0	0	0	0	0	0	0	0	0	0
85	183	0	0	0	0	0	0	0	0	0	0	0	0	0
86	212	0	0	0	0	0	0	0	0	0	0	0	0	0
87	149	0	0	0	0	0	0	0	0	0	0	0	0	0
89	157	0	0	0	0	0	0	0	0	0	0	0	0	0
90	249	0	0	0	0	0	0	0	0	0	0	0	0	0
93	225	0	0	0	0	0	0	0	0	0	0	0	0	0
94	133	0	0	0	0	0	0	0	0	0	0	0	0	0
95	161	0	0	0	0	0	0	0	0	0	0	0	0	0
96	105	0	0	0	0	0	0	0	0	0	0	0	0	0
97	189	0	0	0	0	0	0	0	0	0	0	0	0	0
99	232	0	0	0	0	0	0	0	0	0	0	0	0	0
100	125	0	0	0	0	0	0	0	0	0	0	0	0	0
101	186	0	0	0	0	0	0	0	0	0	0	0	0	0
102	137	0	0	0	0	0	0	0	0	0	0	0	0	0
103	146	0	0	0	0	0	0	0	0	0	0	0	0	0
106	113	0	0	0	0	0	0	0	0	0	0	0	0	0
107	109	0	0	0	0	0	0	0	0	0	0	0	0	0
108	201	0	0	0	0	0	0	0	0	0	0	0	0	0
110	167	0	0	0	0	0	0	0	0	0	0	0	0	0
111	177	0	0	0	0	0	0	0	0	0	0	0	0	0
114	191	0	0	0	0	0	0	0	0	0	0	0	0	0
117	172	0	0	0	0	0	0	0	0	0	0	0	0	0
119	218	0	0	0	0	0	0	0	0	0	0	0	0	0
121	166	0	0	0	0	0	0	0	0	0	0	0	0	0
126	140	0	0	0	0	0	0	0	0	0	0	0	0	0
127	128	0	0	0	0	0	0	0	0	0	0	0	0	0
129	213	0	0	0	0	0	0	0	0	0	0	0	0	0
131	203	0	0	0	0	0	0	0	0	0	0	0	0	0
132	199	0	0	0	0	0	0	0	0	0	0	0	0	0
134	204	0	0	0	0	0	0	0	0	0	0	0	0	0
135	159	0	0	0	0	0	0	0	0	0	0	0	0	0
136	207	0	0	0	0	0	0	0	0	0	0	0	0	0
139	154	0	0	0	0	0	0	0	0	0	0	0	0	0
141	246	0	0	0	0	0	0	0	0	0	0	0	0	0
142	178	0	0	0	0	0	0	0	0	0	0	0	0	0
144	221	0	0	0	0	0	0	0	0	0	0	0	0	0
145	171	0	0	0	0	0	0	0	0	0	0	0	0	0
150	241	0	0	0	0	0	0	0	0	0	0	0	0	0
152	210	0	0	0	0	0	0	0	0	0	0	0	0	0
153	237	0	0	0	0	0	0	0	0	0	0	0	0	0
155	229	0	0	0	0	0	0	0	0	0	0	0	0	0
158	222	0	0	0	0	0	0	0	0	0	0	0	0	0
160	170	0	0	0	0	0	0	0	0	0	0	0	0	0
162	243	0	0	0	0	0	0	0	0	0	0	0	0	0
164	195	0	0	0	0	0	0	0	0	0	0	0	0	0
173	215	0	0	0	0	0	0	0	0	0	0	0	0	0
176	190	0	0	0	0	0	0	0	0	0	0	0	0	0
179	205	0	0	0	0	0	0	0	0	0	0	0	0	0
180	227	0	0	0	0	0	0	0	0	0	0	0	0	0
181	202	0	0	0	0	0	0	0	0	0	0	0	0	0
184	238	0	0	0	0	0	0	0	0	0	0	0	0	0
192	230	0	0	0	0	0	0	0	0	0	0	0	0	0
200	234	0	0	0	0	0	0	0	0	0	0	0	0	0
214	244	0	0	0	0	0	0	0	0	0	0	0	0	0
217	220	0	0	0	0	0	0	0	0	0	0	0	0	0
226	242	0	0	0	0	0	0	0	0	0	0	0	0	0
233	245	0	0	0	0	0	0	0	0	0	0	0	0	0
250	252	0	0	0	0	0	0	0	0	0	0	0	0	0
1	233	0	0	0	0	0	0	0	0	0	0	0	0	0
2	175	0	0	0	0	0	0	0	0	0	0	0	0	0
3	138	0	0	0	0	0	0	0	0	0	0	0	0	0
4	115	0	0	0	0	0	0	0	0	0	0	0	0	0
5	105	0	0	0	0	0	0	0	0	0	0	0	0	0
6	180	0	0	0	0	0	0	0	0	0	0	0	0	0
7	211	0	0	0	0	0	0	0	0	0	0	0	0	0
8	151	0	0	0	0	0	0	0	0	0	0	0	0	0
9	236	0	0	0	0	0	0	0	0	0	0	0	0	0
10	228	0	0	0	0	0	0	0	0	0	0	0	0	0
11	99	0	0	0	0	0	0	0	0	0	0	0	0	0
12	219	0	0	0	0	0	0	0	0	0	0	0	0	0
13	45	0	0	0	0	0	0	0	0	0	0	0	0	0
14	223	0	0	0	0	0	0	0	0	0	0	0	0	0
15	64	0	0	0	0	0	0	0	0	0	0	0	0	0
16	74	0	0	0	0	0	0	0	0	0	0	0	0	0
17	117	0	0	0	0	0	0	0	0	0	0	0	0	0
18	246	0	0	0	0	0	0	0	0	0	0	0	0	0
19	44	0	0	0	0	0	0	0	0	0	0	0	0	0
20	124	0	0	0	0	0	0	0	0	0	0	0	0	0
21	240	0	0	0	0	0	0	0	0	0	0	0	0	0
22	80	0	0	0	0	0	0	0	0	0	0	0	0	0
23	160	0	0	0	0	0	0	0	0	0	0	0	0	0
24	229	0	0	0	0	0	0	0	0	0	0	0	0	0
25	159	0	0	0	0	0	0	0	0	0	0	0	0	0
26	154	0	0	0	0	0	0	0	0	0	0	0	0	0
27	242	0	0	0	0	0	0	0	0	0	0	0	0	0
28	216	0	0	0	0	0	0	0	0	0	0	0	0	0
29	34	0	0	0	0	0	0	0	0	0	0	0	0	0
30	142	0	0	0	0	0	0	0	0	0	0	0	0	0
31	71	0	0	0	0	0	0	0	0	0	0	0	0	0
32	86	0	0	0	0	0	0	0	0	0	0	0	0	0
33	170	0	0	0	0	0	0	0	0	0	0	0	0	0
35	125	0	0	0	0	0	0	0	0	0	0	0	0	0
36	52	0	0	0	0	0	0	0	0	0	0	0	0	0
37	205	0	0	0	0	0	0	0	0	0	0	0	0	0
38	155	0	0	0	0	0	0	0	0	0	0	0	0	0
39	112	0	0	0	0	0	0	0	0	0	0	0	0	0
40	72	0	0	0	0	0	0	0	0	0	0	0	0	0
41	245	0	0	0	0	0	0	0	0	0	0	0	0	0
42	190	0	0	0	0	0	0	0	0	0	0	0	0	0
43	79	0	0	0	0	0	0	0	0	0	0	0	0	0
46	183	0	0	0	0	0	0	0	0	0	0	0	0	0
47	241	0	0	0	0	0	0	0	0	0	0	0	0	0
48	195	0	0	0	0	0	0	0	0	0	0	0	0	0
49	137	0	0	0	0	0	0	0	0	0	0	0	0	0
50	184	0	0	0	0	0	0	0	0	0	0	0	0	0
51	196	0	0	0	0	0	0	0	0	0	0	0	0	0
53	58	0	0	0	0	0	0	0	0	0	0	0	0	0
54	156	0	0	0	0	0	0	0	0	0	0	0	0	0
55	234	0	0	0	0	0	0	0	0	0	0	0	0	0
56	57	0	0	0	0	0	0	0	0	0	0	0	0	0
59	200	0	0	0	0	0	0	0	0	0	0	0	0	0
60	149	0	0	0	0	0	0	0	0	0	0	0	0	0
61	243	0	0	0	0	0	0	0	0	0	0	0	0	0
62	106	0	0	0	0	0	0	0	0	0	0	0	0	0
63	206	0	0	0	0	0	0	0	0	0	0	0	0	0
65	96	0	0	0	0	0	0	0	0	0	0	0	0	0
66	69	0	0	0	0	0	0	0	0	0	0	0	0	0
67	182	0	0	0	0	0	0	0	0	0	0	0	0	0
68	207	0	0	0	0	0	0	0	0	0	0	0	0	0
70	101	0	0	0	0	0	0	0	0	0	0	0	0	0
73	100	0	0	0	0	0	0	0	0	0	0	0	0	0
75	109	0	0	0	0	0	0	0	0	0	0	0	0	0
76	95	0	0	0	0	0	0	0	0	0	0	0	0	0
77	215	0	0	0	0	0	0	0	0	0	0	0	0	0
78	104	0	0	0	0	0	0	0	0	0	0	0	0	0
81	174	0	0	0	0	0	0	0	0	0	0	0	0	0
82	83	0	0	0	0	0	0	0	0	0	0	0	0	0
84	116	0	0	0	0	0	0	0	0	0	0	0	0	0
85	168	0	0	0	0	0	0	0	0	0	0	0	0	0
87	130	0	0	0	0	0	0	0	0	0	0	0	0	0
88	136	0	0	0	0	0	0	0	0	0	0	0	0	0
89	108	0	0	0	0	0	0	0	0	0	0	0	0	0
90	172	0	0	0	0	0	0	0	0	0	0	0	0	0
91	166	0	0	0	0	0	0	0	0	0	0	0	0	0
92	193	0	0	0	0	0	0	0	0	0	0	0	0	0
93	127	0	0	0	0	0	0	0	0	0	0	0	0	0
94	126	0	0	0	0	0	0	0	0	0	0	0	0	0
97	121	0	0	0	0	0	0	0	0	0	0	0	0	0
98	169	0	0	0	0	0	0	0	0	0	0	0	0	0
102	218	0	0	0	0	0	0	0	0	0	0	0	0	0
103	147	0	0	0	0	0	0	0	0	0	0	0	0	0
107	251	0	0	0	0	0	0	0	0	0	0	0	0	0
110	227	0	0	0	0	0	0	0	0	0	0	0	0	0
111	237	0	0	0	0	0	0	0	0	0	0	0	0	0
113	158	0	0	0	0	0	0	0	0	0	0	0	0	0
114	185	0	0	0	0	0	0	0	0	0	0	0	0	0
118	217	0	0	0	0	0	0	0	0	0	0	0	0	0
119	179	0	0	0	0	0	0	0	0	0	0	0	0	0
120	202	0	0	0	0	0	0	0	0	0	0	0	0	0
122	232	0	0	0	0	0	0	0	0	0	0	0	0	0
123	225	0	0	0	0	0	0	0	0	0	0	0	0	0
128	252	0	0	0	0	0	0	0	0	0	0	0	0	0
129	146	0	0	0	0	0	0	0	0	0	0	0	0	0
131	134	0	0	0	0	0	0	0	0	0	0	0	0	0
132	181	0	0	0	0	0	0	0	0	0	0	0	0	0
133	235	0	0	0	0	0	0	0	0	0	0	0	0	0
135	221	0	0	0	0	0	0	0	0	0	0	0	0	0
139	220	0	0	0	0	0	0	0	0	0	0	0	0	0
140	214	0	0	0	0	0	0	0	0	0	0	0	0	0
141	157	0	0	0	0	0	0	0	0	0	0	0	0	0
143	244	0	0	0	0	0	0	0	0	0	0	0	0	0
144	192	0	0	0	0	0	0	0	0	0	0	0	0	0
145	209	0	0	0	0	0	0	0	0	0	0	0	0	0
148	213	0	0	0	0	0	0	0	0	0	0	0	0	0
150	239	0	0	0	0	0	0	0	0	0	0	0	0	0
152	187	0	0	0	0	0	0	0	0	0	0	0	0	0
153	230	0	0	0	0	0	0	0	0	0	0	0	0	0
161	167	0	0	0	0	0	0	0	0	0	0	0	0	0
162	222	0	0	0	0	0	0	0	0	0	0	0	0	0
163	197	0	0	0	0	0	0	0	0	0	0	0	0	0
164	208	0	0	0	0	0	0	0	0	0	0	0	0	0
165	212	0	0	0	0	0	0	0	0	0	0	0	0	0
171	178	0	0	0	0	0	0	0	0	0	0	0	0	0
173	189	198	0	0	0	0	0	0	0	0	0	0	0	0
176	204	247	0	0	0	0	0	0	0	0	0	0	0	0
177	203	226	0	0	0	0	0	0	0	0	0	0	0	0
186	201	248	0	0	0	0	0	0	0	0	0	0	0	0
188	199	210	0	0	0	0	0	0	0	0	0	0	0	0
191	194	231	0	0	0	0	0	0	0	0	0	0	0	0
155	224	238	0	0	0	0	0	0	0	0	0	0	0	0
56	193	249	0	0	0	0	0	0	0	0	0	0	0	0
35	246	250	0	0	0	0	0	0	0	0	0	0	0	0
1	158	167	0	0	0	0	0	0	0	0	0	0	0	0
2	145	154	0	0	0	0	0	0	0	0	0	0	0	0
3	75	153	0	0	0	0	0	0	0	0	0	0	0	0
4	24	212	0	0	0	0	0	0	0	0	0	0	0	0
5	34	223	0	0	0	0	0	0	0	0	0	0	0	0
6	150	232	0	0	0	0	0	0	0	0	0	0	0	0
7	140	164	0	0	0	0	0	0	0	0	0	0	0	0
8	87	93	0	0	0	0	0	0	0	0	0	0	0	0
9	42	168	0	0	0	0	0	0	0	0	0	0	0	0
10	25	202	0	0	0	0	0	0	0	0	0	0	0	0
11	33	82	0	0	0	0	0	0	0	0	0	0	0	0
12	64	192	0	0	0	0	0	0	0	0	0	0	0	0
13	91	129	0	0	0	0	0	0	0	0	0	0	0	0
14	131	218	0	0	0	0	0	0	0	0	0	0	0	0
15	136	172	0	0	0	0	0	0	0	0	0	0	0	0
16	183	234	0	0	0	0	0	0	0	0	0	0	0	0
17	79	142	0	0	0	0	0	0	0	0	0	0	0	0
18	62	152	0	0	0	0	0	0	0	0	0	0	0	0
19	36	63	0	0	0	0	0	0	0	0	0	0	0	0
20	48	181	0	0	0	0	0	0	0	0	0	0	0	0
21	162	235	0	0	0	0	0	0	0	0	0	0	0	0
22	66	216	0	0	0	0	0	0	0	0	0	0	0	0
23	69	204	0	0	0	0	0	0	0	0	0	0	0	0
26	32	111	0	0	0	0	0	0	0	0	0	0	0	0
27	135	252	0	0	0	0	0	0	0	0	0	0	0	0
28	39	89	0	0	0	0	0	0	0	0	0	0	0	0
29	191	251	0	0	0	0	0	0	0	0	0	0	0	0
30	110	169	0	0	0	0	0	0	0	0	0	0	0	0
31	51	179	0	0	0	0	0	0	0	0	0	0	0	0
37	116	215	0	0	0	0	0	0	0	0	0	0	0	0
38	137	244	0	0	0	0	0	0	0	0	0	0	0	0
40	54	121	0	0	0	0	0	0	0	0	0	0	0	0
41	100	126	0	0	0	0	0	0	0	0	0	0	0	0
43	65	184	0	0	0	0	0	0	0	0	0	0	0	0
44	103	186	0	0	0	0	0	0	0	0	0	0	0	0
45	175	182	0	0	0	0	0	0	0	0	0	0	0	0
46	213	240	0	0	0	0	0	0	0	0	0	0	0	0
47	118	144	0	0	0	0	0	0	0	0	0	0	0	0
49	120	157	0	0	0	0	0	0	0	0	0	0	0	0
50	71	109	0	0	0	0	0	0	0	0	0	0	0	0
52	104	170	0	0	0	0	0	0	0	0	0	0	0	0
53	81	94	0	0	0	0	0	0	0	0	0	0	0	0
55	58	220	0	0	0	0	0	0	0	0	0	0	0	0
57	60	113	0	0	0	0	0	0	0	0	0	0	0	0
59	84	95	0	0	0	0	0	0	0	0	0	0	0	0
61	163	236	0	0	0	0	0	0	0	0	0	0	0	0
67	185	211	0	0	0	0	0	0	0	0	0	0	0	0
68	173	242	0	0	0	0	0	0	0	0	0	0	0	0
70	156	203	0	0	0	0	0	0	0	0	0	0	0	0
72	122	139	0	0	0	0	0	0	0	0	0	0	0	0
73	105	237	0	0	0	0	0	0	0	0	0	0	0	0
74	205	245	0	0	0	0	0	0	0	0	0	0	0	0
76	145	224	0	0	0	0	0	0	0	0	0	0	0	0
77	149	239	0	0	0	0	0	0	0	0	0	0	0	0
78	102	174	0	0	0	0	0	0	0	0	0	0	0	0
80	225	230	0	0	0	0	0	0	0	0	0	0	0	0
83	217	231	0	0	0	0	0	0	0	0	0	0	0	0
85	86	117	0	0	0	0	0	0	0	0	0	0	0	0
88	208	227	0	0	0	0	0	0	0	0	0	0	0	0
90	138	166	0	0	0	0	0	0	0	0	0	0	0	0
92	127	199	0	0	0	0	0	0	0	0	0	0	0	0
96	176	241	0	0	0	0	0	0	0	0	0	0	0	0
97	123	214	0	0	0	0	0	0	0	0	0	0	0	0
98	124	206	0	0	0	0	0	0	0	0	0	0	0	0
99	147	161	0	0	0	0	0	0	0	0	0	0	0	0
101	130	221	0	0	0	0	0	0	0	0	0	0	0	0
106	148	195	0	0	0	0	0	0	0	0	0	0	0	0
107	146	188	0	0	0	0	0	0	0	0	0	0	0	0
108	189	243	0	0	0	0	0	0	0	0	0	0	0	0
112	114	128	0	0	0	0	0	0	0	0	0	0	0	0
115	187	219	0	0	0	0	0	0	0	0	0	0	0	0
119	209	250	0	0	0	0	0	0	0	0	0	0	0	0
125	200	228	0	0	0	0	0	0	0	0	0	0	0	0
132	190	207	0	0	0	0	0	0	0	0	0	0	0	0
133	141	160	0	0	0	0	0	0	0	0	0	0	0	0
134	178	194	0	0	0	0	0	0	0	0	0	0	0	0
111	143	180	0	0	0	0	0	0	0	0	0	0	0	0
51	151	222	0	0	0	0	0	0	0	0	0	0	0	0
159	210	229	0	0	0	0	0	0	0	0	0	0	0	0
165	169	196	0	0	0	0	0	0	0	0	0	0	0	0
171	197	233	0	0	0	0	0	0	0	0	0	0	0	0
59	151	177	0	0	0	0	0	0	0	0	0	0	0	0
193	198	208	0	0	0	0	0	0	0	0	0	0	0	0
201	229	247	0	0	0	0	0	0	0	0	0	0	0	0
109	115	226	0	0	0	0	0	0	0	0	0	0	0	0
158	183	238	0	0	0	0	0	0	0	0	0	0	0	0
30	100	248	0	0	0	0	0	0	0	0	0	0	0	0
133	206	249	0	0	0	0	0	0	0	0	0	0	0	0
1	91	112	0	0	0	0	0	0	0	0	0	0	0	0
2	62	165	0	0	0	0	0	0	0	0	0	0	0	0
3	35	150	0	0	0	0	0	0	0	0	0	0	0	0
4	162	232	0	0	0	0	0	0	0	0	0	0	0	0
5	157	221	0	0	0	0	0	0	0	0	0	0	0	0
6	29	64	0	0	0	0	0	0	0	0	0	0	0	0
7	42	135	0	0	0	0	0	0	0	0	0	0	0	0
8	33	126	0	0	0	0	0	0	0	0	0	0	0	0
9	53	57	0	0	0	0	0	0	0	0	0	0	0	0
10	50	214	0	0	0	0	0	0	0	0	0	0	0	0
11	19	89	0	0	0	0	0	0	0	0	0	0	0	0
12	31	121	0	0	0	0	0	0	0	0	0	0	0	0
13	88	209	0	0	0	0	0	0	0	0	0	0	0	0
14	92	248	0	0	0	0	0	0	0	0	0	0	0	0
15	18	66	0	0	0	0	0	0	0	0	0	0	0	0
16	131	239	0	0	0	0	0	0	0	0	0	0	0	0
17	47	61	0	0	0	0	0	0	0	0	0	0	0	0
20	108	138	0	0	0	0	0	0	0	0	0	0	0	0
21	101	132	0	0	0	0	0	0	0	0	0	0	0	0
22	26	231	0	0	0	0	0	0	0	0	0	0	0	0
23	148	161	0	0	0	0	0	0	0	0	0	0	0	0
24	40	87	0	0	0	0	0	0	0	0	0	0	0	0
25	153	218	0	0	0	0	0	0	0	0	0	0	0	0
27	48	81	0	0	0	0	0	0	0	0	0	0	0	0
28	102	245	0	0	0	0	0	0	0	0	0	0	0	0
32	120	176	0	0	0	0	0	0	0	0	0	0	0	0
34	79	187	0	0	0	0	0	0	0	0	0	0	0	0
36	128	154	0	0	0	0	0	0	0	0	0	0	0	0
37	167	182	0	0	0	0	0	0	0	0	0	0	0	0
38	116	118	0	0	0	0	0	0	0	0	0	0	0	0
39	207	217	0	0	0	0	0	0	0	0	0	0	0	0
41	143	159	0	0	0	0	0	0	0	0	0	0	0	0
43	56	185	0	0	0	0	0	0	0	0	0	0	0	0
44	113	192	0	0	0	0	0	0	0	0	0	0	0	0
45	168	230	0	0	0	0	0	0	0	0	0	0	0	0
46	72	105	0	0	0	0	0	0	0	0	0	0	0	0
49	93	106	0	0	0	0	0	0	0	0	0	0	0	0
52	228	233	0	0	0	0	0	0	0	0	0	0	0	0
54	147	163	0	0	0	0	0	0	0	0	0	0	0	0
55	243	246	0	0	0	0	0	0	0	0	0	0	0	0
58	103	117	0	0	0	0	0	0	0	0	0	0	0	0
60	68	179	0	0	0	0	0	0	0	0	0	0	0	0
63	180	184	0	0	0	0	0	0	0	0	0	0	0	0
65	186	194	0	0	0	0	0	0	0	0	0	0	0	0
64	67	203	220	0	0	0	0	0	0	0	0	0	0	0
69	137	166	234	0	0	0	0	0	0	0	0	0	0	0
35	70	86	195	0	0	0	0	0	0	0	0	0	0	0
71	122	170	215	0	0	0	0	0	0	0	0	0	0	0
73	76	107	249	0	0	0	0	0	0	0	0	0	0	0
74	114	152	227	0	0	0	0	0	0	0	0	0	0	0
53	75	178	240	0	0	0	0	0	0	0	0	0	0	0
77	82	146	222	0	0	0	0	0	0	0	0	0	0	0
78	84	140	199	0	0	0	0	0	0	0	0	0	0	0
38	80	213	252	0	0	0	0	0	0	0	0	0	0	0
83	97	110	247	0	0	0	0	0	0	0	0	0	0	0
85	94	216	251	0	0	0	0	0	0	0	0	0	0	0
90	197	219	225	0	0	0	0	0	0	0	0	0	0	0
95	136	189	239	0	0	0	0	0	0	0	0	0	0	0
96	127	224	226	0	0	0	0	0	0	0	0	0	0	0
8	98	174	190	0	0	0	0	0	0	0	0	0	0	0
99	171	181	196	0	0	0	0	0	0	0	0	0	0	0
104	201	237	250	0	0	0	0	0	0	0	0	0	0	0
119	130	164	172	241	0	0	0	0	0	0	0	0	0	0
123	142	175	210	235	0	0	0	0	0	0	0	0	0	0
124	125	134	139	144	0	0	0	0	0	0	0	0	0	0
129	141	198	211	238	0	0	0	0	0	0	0	0	0	0
149	155	156	191	202	0	0	0	0	0	0	0	0	0	0
160	177	205	212	236	0	0	0	0	0	0	0	0	0	0
24	63	173	200	223	0	0	0	0	0	0	0	0	0	0
9	144	167	188	242	0	0	0	0	0	0	0	0	0	0
28	156	162	193	204	0	0	0	0	0	0	0	0	0	0
14	141	171	192	244	0	0	0	0	0	0	0	0	0	0
1	12	22	49	201	0	0	0	0	0	0	0	0	0	0
2	29	42	82	137	0	0	0	0	0	0	0	0	0	0
3	51	154	163	229	0	0	0	0	0	0	0	0	0	0
4	17	46	48	114	0	0	0	0	0	0	0	0	0	0
5	10	66	169	195	0	0	0	0	0	0	0	0	0	0
6	84	129	134	179	0	0	0	0	0	0	0	0	0	0
7	32	55	79	233	0	0	0	0	0	0	0	0	0	0
11	26	47	60	109	0	0	0	0	0	0	0	0	0	0
13	58	73	190	214	0	0	0	0	0	0	0	0	0	0
15	45	83	122	143	0	0	0	0	0	0	0	0	0	0
16	43	89	98	145	0	0	0	0	0	0	0	0	0	0
18	39	146	153	200	0	0	0	0	0	0	0	0	0	0
19	37	105	159	166	0	0	0	0	0	0	0	0	0	0
20	36	126	158	217	0	0	0	0	0	0	0	0	0	0
21	52	110	218	224	0	0	0	0	0	0	0	0	0	0
23	30	85	118	209	0	0	0	0	0	0	0	0	0	0
25	31	65	81	161	0	0	0	0	0	0	0	0	0	0
27	93	103	150	245	0	0	0	0	0	0	0	0	0	0
33	123	186	211	242	0	0	0	0	0	0	0	0	0	0
34	165	170	183	241	0	0	0	0	0	0	0	0	0	0
40	104	113	136	152	0	0	0	0	0	0	0	0	0	0
41	80	95	112	176	0	0	0	0	0	0	0	0	0	0
44	77	199	228	238	0	0	0	0	0	0	0	0	0	0
50	54	59	243	248	0	0	0	0	0	0	0	0	0	0
56	115	117	151	231	0	0	0	0	0	0	0	0	0	0
57	96	121	197	250	0	0	0	0	0	0	0	0	0	0
61	120	207	251	252	0	0	0	0	0	0	0	0	0	0
62	138	203	215	252	0	0	0	0	0	0	0	0	0	0
67	78	94	130	212	0	0	0	0	0	0	0	0	0	0
68	102	124	219	247	0	0	0	0	0	0	0	0	0	0
69	127	189	232	249	0	0	0	0	0	0	0	0	0	0
70	99	175	184	240	0	0	0	0	0	0	0	0	0	0
71	86	225	227	237	0	0	0	0	0	0	0	0	0	0
72	76	88	92	196	0	0	0	0	0	0	0	0	0	0
74	125	140	168	198	0	0	0	0	0	0	0	0	0	0
75	97	100	111	221	0	0	0	0	0	0	0	0	0	0
87	108	178	206	230	0	0	0	0	0	0	0	0	0	0
90	147	155	205	246	0	0	0	0	0	0	0	0	0	0
91	148	177	181	187	0	0	0	0	0	0	0	0	0	0
51	101	133	180	202	213	234	0	0	0	0	0	0	0	0
106	149	174	185	188	208	244	0	0	0	0	0	0	0	0
107	121	131	135	172	173	235	0	0	0	0	0	0	0	0
115	116	128	157	210	216	236	0	0	0	0	0	0	0	0
89	93	119	132	142	143	160	182	191	204	220	222	223	226	0
8	25	30	57	117	137	139	146	162	164	187	194	229	238	251
1	10	11	52	81	84	149	159	165	177	186	207	221	227	249
2	13	22	53	68	83	86	90	96	133	144	161	171	243	245
3	32	41	46	59	65	113	127	131	148	174	180	182	206	242
4	14	19	29	35	62	67	77	104	118	123	147	164	176	202
5	21	44	56	102	125	129	154	155	167	172	203	230	233	248
6	40	70	75	80	116	122	140	181	183	188	193	223	235	246
7	20	24	28	37	61	71	95	106	111	114	134	175	196	209
9	16	18	26	34	48	58	78	88	156	169	189	225	226	244
12	17	38	60	76	91	105	108	124	126	136	160	163	184	208
15	31	49	92	99	101	109	128	152	170	194	214	217	224	250
23	42	45	47	50	64	79	94	103	138	157	158	173	218	234
27	36	39	54	66	73	82	139	178	185	197	199	215	231	241
33	98	100	110	120	130	141	166	213	216	220	228	232	237	239
43	55	72	97	107	112	142	150	153	168	179	195	211	219	240
63	69	84	85	87	135	145	151	190	191	192	198	201	205	210
10	12	19	48	74	75	95	144	145	200	204	215	236	238	250
2	6	28	43	69	91	100	104	119	139	173	207	212	214	247
15	46	82	94	98	108	111	115	121	132	159	168	192	246	252
27	29	44	50	87	90	128	169	180	193	211	212	222	229	237
1	36	37	42	58	101	118	125	136	143	153	183	187	216	242
3	13	31	60	63	67	132	140	146	172	195	196	213	227	231
4	33	45	55	57	66	85	88	154	160	206	217	221	245	247
5	20	65	79	117	122	123	135	156	197	200	222	224	239	243
7	21	41	68	70	89	138	152	186	199	202	208	232	236	251
8	16	17	23	24	52	59	77	109	112	171	185	201	203	235
9	11	22	40	76	102	106	141	147	179	190	194	204	234	241
14	25	39	56	80	83	124	130	158	170	177	182	189	210	240
18	51	92	97	126	134	161	162	176	188	198	218	220	233	249
26	30	61	64	72	73	86	116	119	127	129	149	184	205	228
32	34	35	53	54	74	93	105	110	137	155	157	175	181	219
6	16	38	49	51	71	96	103	107	164	165	166	174	191	230
47	62	81	99	114	120	133	148	150	151	163	178	223	225	248
22	42	57	73	75	78	81	108	131	142	167	170	198	202	209
12	13	47	54	71	89	97	113	159	167	193	194	205	216	244
14	53	95	100	128	150	174	184	187	201	226	231	233	234	246
1	25	26	41	50	82	93	107	122	134	147	151	203	213	217
2	5	11	31	35	46	85	103	126	130	143	199	225	229	235
3	23	55	61	84	92	104	110	121	125	133	189	208	215	222
4	7	58	63	75	91	137	171	182	224	228	241	248	249	252
8	27	34	67	70	114	115	131	158	160	161	166	179	200	207
9	20	43	52	80	86	87	94	101	105	148	154	220	231	238
10	28	83	109	116	142	155	163	164	190	218	232	242	244	252
15	36	40	62	88	96	112	117	124	129	131	145	157	186	212
17	39	49	64	65	69	111	141	162	169	219	223	227	236	245
18	29	30	38	43	59	68	74	99	106	172	183	192	221	239
19	60	78	98	127	152	154	173	175	177	178	188	191	211	243
21	25	32	33	37	47	72	77	90	108	135	140	165	226	250
24	29	56	92	119	120	136	138	144	165	181	195	197	206	244
22	44	45	48	59	89	105	115	118	120	135	139	149	196	240
1	127	251	339	411	456	475	491	0
2	128	252	340	412	457	472	492	0
3	129	253	341	413	458	476	493	0
4	130	254	342	414	459	477	494	0
5	131	255	343	415	460	478	492	0
6	132	256	344	416	461	472	486	0
7	133	257	345	417	462	479	494	0
8	134	258	346	398	455	480	495	0
9	135	259	347	408	463	481	496	0
10	136	260	348	415	456	471	497	0
11	137	261	349	418	456	481	492	0
12	138	262	350	411	464	471	489	0
4	139	263	351	419	457	476	489	0
13	140	264	352	410	459	482	490	0
14	141	265	353	420	465	473	498	0
15	142	266	354	421	463	480	486	0
16	143	267	355	414	464	480	499	0
17	144	268	353	422	463	483	500	0
18	145	269	349	423	459	471	501	0
19	146	270	356	424	462	478	496	0
20	147	271	357	425	460	479	502	0
21	148	272	358	411	457	481	488	504
22	149	273	359	426	466	480	493	0
23	150	254	360	407	462	480	503	0
24	151	260	361	427	455	482	491	502
25	152	274	358	418	463	484	491	0
26	153	275	362	428	467	474	495	0
27	154	276	363	409	462	472	497	0
19	155	277	344	412	459	474	500	503
26	156	278	337	426	455	484	500	0
28	157	279	350	427	465	476	492	0
29	158	274	364	417	458	485	502	0
30	159	261	346	429	468	477	502	0
31	155	255	365	430	463	485	495	0
32	160	250	341	385	459	485	492	0
33	161	269	366	424	467	475	498	0
34	162	280	367	423	462	475	502	0
35	163	281	368	392	464	486	500	0
36	164	276	369	422	467	482	499	0
37	165	282	360	431	461	481	498	0
38	166	283	370	432	458	479	491	0
39	167	259	345	412	466	475	488	0
37	168	284	371	421	469	472	496	500
40	145	285	372	433	460	474	504	0
41	139	286	373	420	466	477	504	0
42	169	287	374	414	458	473	492	0
43	170	288	355	418	466	487	489	502
44	171	270	362	414	463	471	504	0
45	172	289	375	411	465	486	499	0
46	173	290	348	434	466	474	491	0
47	174	279	328	413	450	483	486	0
48	161	291	376	425	456	480	496	0
49	175	292	347	389	457	485	490	0
50	176	282	377	434	467	485	489	0
51	177	293	378	417	469	477	493	0
52	178	249	371	435	460	482	503	0
53	178	294	347	436	455	477	488	0
54	175	293	379	419	463	475	494	0
55	179	295	332	434	458	480	500	504
56	180	294	380	418	464	476	501	0
24	181	296	355	437	462	484	493	0
57	182	268	340	438	459	487	498	0
58	183	269	381	407	470	476	494	0
59	141	262	344	383	466	484	499	0
57	184	284	382	427	458	478	499	0
60	185	272	353	415	467	477	0	0
61	186	297	383	439	459	476	495	0
42	187	298	380	440	457	479	500	0
56	185	273	384	441	470	472	499	0
1	188	299	385	442	461	479	495	0
36	157	290	386	443	462	486	489	0
39	165	300	374	444	469	484	502	0
62	189	301	387	419	467	484	488	0
63	142	302	388	445	471	485	500	0
64	190	253	389	446	461	471	488	494
44	191	303	387	444	464	481	0	0
65	192	304	390	433	459	480	502	0
41	193	305	391	439	463	488	501	0
66	168	267	365	417	466	478	0	0
66	148	306	392	432	461	482	496	0
65	194	292	362	427	456	487	488	0
67	195	261	390	412	467	473	491	0
32	195	307	393	420	457	482	497	0
68	196	295	391	416	456	470	493	0
69	197	308	394	426	470	477	492	0
70	158	308	385	443	457	484	496	0
71	198	258	360	447	470	474	496	0
5	199	309	351	444	463	477	498	0
72	200	276	349	421	454	479	489	504
73	201	310	395	448	457	474	502	0
43	202	263	339	449	464	472	494	0
11	203	311	352	444	465	483	493	503
74	204	258	375	428	454	485	491	0
75	205	292	394	439	466	473	496	0
76	191	295	396	432	462	471	490	0
77	184	312	397	436	457	486	498	0
78	206	313	393	446	469	483	489	0
64	207	314	398	421	468	473	501	0
79	137	315	399	442	465	487	500	0
80	189	283	337	446	468	472	490	0
81	188	316	357	450	465	475	496	0
82	208	305	363	440	460	481	0	0
83	209	285	379	428	466	486	492	0
16	193	291	400	431	459	472	493	0
77	131	301	374	423	464	485	496	504
84	182	317	375	451	462	481	500	0
85	210	318	387	452	469	486	491	0
86	200	319	356	447	464	473	488	502
85	190	290	335	418	465	480	497	0
87	211	278	393	425	468	485	493	0
88	212	274	327	446	462	473	499	0
49	164	320	339	432	469	480	498	0
84	213	294	372	431	458	489	0	0
89	214	320	388	414	462	487	495	0
38	130	321	335	435	453	473	495	504
17	196	280	368	453	461	484	497	0
90	143	308	379	435	455	478	498	0
47	215	288	368	426	459	475	504	0
91	216	322	401	454	472	484	503	0
63	217	289	364	437	468	487	503	504
92	206	282	350	436	452	473	493	0
45	218	300	386	420	461	478	491	0
15	219	313	402	429	459	478	0	0
50	146	314	403	440	464	482	498	0
80	160	323	403	445	460	475	493	0
93	205	283	346	424	464	483	492	0
94	204	311	397	441	458	484	501	0
94	220	320	366	453	465	474	490	0
95	221	263	404	416	460	484	498	0
46	198	316	401	439	468	482	492	0
96	222	264	354	452	458	488	495	498
97	223	324	357	454	473	476	0	0
75	224	325	338	450	457	487	493	0
98	222	326	403	416	462	483	491	0
99	225	275	345	452	470	478	502	504
100	199	265	396	431	464	475	503	0
82	172	281	384	412	455	485	494	0
68	129	310	356	438	466	479	503	0
101	226	300	403	455	467	472	504	0
93	227	257	391	445	461	476	502	0
102	228	325	404	410	468	481	499	0
103	156	267	402	454	469	488	497	0
53	229	327	370	420	454	475	492	0
104	230	288	403	408	457	471	503	0
105	231	252	303	421	470	471	498	0
83	221	318	390	422	455	476	0	0
7	209	315	377	448	459	481	491	0
13	232	317	359	449	458	487	496	0
71	180	304	405	451	456	484	504	0
106	233	256	341	428	469	487	490	0
31	134	328	332	435	470	487	491	0
107	234	268	388	431	465	479	501	0
108	235	253	361	422	469	475	0	0
101	152	252	366	413	460	477	496	501
109	163	248	405	448	460	485	497	0
30	176	299	405	409	463	478	0	0
72	228	289	343	453	466	485	498	0
110	213	251	336	424	466	482	495	0
99	151	329	370	423	456	473	489	0
111	149	325	406	454	464	477	495	0
76	236	315	359	427	457	483	495	0
112	237	271	342	409	455	483	499	0
60	238	296	377	413	464	487	497	0
113	239	257	401	455	459	486	497	0
27	240	330	340	430	456	486	502	503
92	202	310	384	423	468	486	495	0
87	236	251	367	408	460	488	489	0
58	197	259	373	445	469	473	0	0
51	207	278	330	415	463	474	499	0
111	159	291	386	430	465	482	488	0
105	241	331	399	410	457	480	494	0
90	201	265	401	452	460	476	500	0
114	242	298	407	452	466	472	501	0
59	194	305	398	451	458	486	490	0
8	128	286	402	442	462	485	501	0
115	243	312	364	432	459	483	0	0
88	244	332	406	449	456	482	501	0
103	241	326	389	447	467	487	501	0
116	216	279	380	416	469	481	495	0
117	132	327	381	450	458	474	0	0
118	223	270	399	449	461	485	503	0
10	186	286	367	454	458	482	494	0
69	169	266	336	430	461	475	500	0
119	173	284	381	442	464	484	490	0
20	214	297	371	451	467	480	0	0
81	245	285	382	429	456	479	498	0
18	234	321	365	449	455	475	490	0
29	246	318	408	451	461	483	501	0
78	242	319	396	441	463	482	493	0
115	167	324	398	419	470	481	497	0
89	247	277	405	454	470	486	501	0
120	230	262	372	410	470	473	500	0
28	203	249	333	409	461	474	489	0
34	247	326	382	455	465	481	489	0
113	171	317	385	415	469	476	503	0
9	174	330	399	444	462	476	504	0
6	238	331	395	436	467	478	503	0
2	242	333	404	445	470	483	488	0
97	246	311	391	433	467	479	492	0
121	179	323	407	422	471	478	495	0
86	245	334	400	411	470	480	490	0
118	217	260	405	450	459	479	488	0
96	244	299	383	438	460	480	491	0
98	243	273	409	454	471	481	0	0
116	162	302	406	448	470	484	489	0
35	183	314	338	447	458	477	503	0
100	187	324	369	437	456	472	495	0
21	239	309	333	451	464	479	493	0
40	231	322	351	426	462	488	0	0
107	246	329	402	453	470	482	0	0
3	133	297	404	429	469	474	501	0
70	240	254	406	439	472	474	498	0
95	232	287	392	450	468	476	491	0
122	227	313	348	419	465	472	0	0
114	192	280	386	438	467	471	493	0
55	154	272	394	453	468	475	489	0
123	215	307	369	424	465	477	491	0
91	208	264	361	425	466	483	497	0
22	138	321	395	440	469	485	499	0
123	226	293	383	454	468	483	496	0
104	225	316	343	446	456	477	500	0
110	237	328	390	454	474	478	493	0
54	140	255	407	454	461	487	499	0
12	248	303	397	425	465	478	494	0
74	219	306	395	443	463	487	492	0
124	244	335	397	454	463	490	502	0
117	211	309	388	443	456	476	499	0
52	136	323	376	433	468	484	494	0
109	150	329	334	413	455	474	492	0
120	235	306	373	447	460	486	0	0
23	247	307	358	435	467	476	490	496
79	218	256	342	441	468	479	497	0
125	127	331	376	417	460	483	490	0
121	177	266	384	450	466	481	490	0
25	224	271	402	452	461	480	492	0
62	135	296	406	453	471	479	499	0
108	212	301	400	443	468	474	0	0
119	248	336	404	433	455	471	496	0
33	233	304	354	396	468	478	500	0
67	147	287	389	442	469	482	504	0
106	170	312	401	430	467	481	494	0
124	153	298	408	429	458	475	497	0
112	181	319	378	434	457	478	501	0
122	229	281	410	451	463	489	497	503
125	166	302	363	428	457	477	499	0
102	144	250	378	448	461	473	490	0
61	243	334	393	440	472	477	0	0
14	245	337	352	434	460	487	494	0
73	249	338	387	441	456	483	494	0
126	250	322	400	436	465	471	502	0
48	210	277	394	437	455	479	0	0
126	220	275	392	437	438	473	494	497
